0 0.526890 0.528410 0.006816 0.004434
0 0.658267 0.587592 0.008535 0.004223
0 0.593790 0.460026 0.008535 0.004241
0 0.626272 0.469514 0.008535 0.004255
0 0.852434 0.430730 0.008712 0.004258
0 0.540921 0.425177 0.006778 0.004221
0 0.921542 0.611136 0.011950 0.004186
0 0.754391 0.570006 0.008795 0.004241
0 0.511463 0.467371 0.012126 0.004272
0 0.631618 0.539211 0.006839 0.004434
0 0.503729 0.422234 0.008549 0.004417
0 0.711929 0.469600 0.006438 0.004072
0 0.894322 0.490057 0.006907 0.004269
0 0.681363 0.539165 0.006901 0.004434
0 0.930152 0.486894 0.012087 0.004275
0 0.776461 0.467760 0.008130 0.004258
0 0.836818 0.482411 0.013536 0.004400
0 0.839313 0.549986 0.007902 0.004258
0 0.131383 0.530634 0.007929 0.004238
0 0.098821 0.579657 0.008523 0.004243
0 0.259001 0.461288 0.006935 0.004218
0 0.337849 0.466278 0.008521 0.004252
0 0.039520 0.452900 0.012081 0.004221
0 0.281867 0.540249 0.006877 0.004437
0 0.330935 0.540269 0.006947 0.004494
0 0.434706 0.527008 0.006841 0.004440
0 0.137703 0.445100 0.013492 0.004437
0 0.414847 0.423341 0.006829 0.004238
0 0.062480 0.461982 0.006778 0.004238
0 0.131836 0.405673 0.008511 0.004238
0 0.306737 0.579675 0.008521 0.004246
0 0.908808 0.551315 0.006804 0.004437
0 0.380445 0.529766 0.008523 0.004246
0 0.437467 0.587565 0.008523 0.004243
0 0.378676 0.455170 0.008523 0.004246
0 0.043988 0.561301 0.012001 0.004295
0 0.454277 0.461996 0.012087 0.004221
0 0.195592 0.458465 0.008211 0.004164
0 0.356513 0.408195 0.008852 0.004221
0 0.378687 0.574376 0.008940 0.004221
0 0.216275 0.558440 0.008852 0.004221
0 0.053927 0.514682 0.006790 0.004383
0 0.616286 0.422452 0.008803 0.004238
0 0.587102 0.583066 0.008827 0.004292
0 0.526115 0.593465 0.008535 0.004258
0 0.717481 0.743012 0.023470 0.009159
0 0.751550 0.753343 0.004012 0.003374
0 0.741563 0.743202 0.018225 0.008894
0 0.247818 0.743212 0.023470 0.009159
0 0.271938 0.743150 0.017961 0.008883
0 0.282068 0.753326 0.004012 0.003374
0 0.459307 0.409773 0.008841 0.004620
0 0.858833 0.603759 0.009345 0.004258
0 0.921593 0.604467 0.018398 0.004659
0 0.044241 0.568334 0.018255 0.005195
0 0.582400 0.541761 0.008535 0.004241