0 0.392858 0.413383 0.005910 0.004434
0 0.717546 0.534897 0.005747 0.004574
0 0.661185 0.534977 0.005714 0.004574
0 0.601768 0.340680 0.012200 0.004369
0 0.712887 0.407079 0.005638 0.004571
0 0.781992 0.413158 0.006087 0.004514
0 0.852165 0.343413 0.011765 0.004545
0 0.593063 0.453421 0.005662 0.004431
0 0.913071 0.425697 0.012368 0.004617
0 0.920702 0.365130 0.005773 0.004543
0 0.877779 0.394555 0.005869 0.004431
0 0.657908 0.420074 0.005902 0.004286
0 0.782834 0.347803 0.005950 0.004412
0 0.675765 0.463755 0.006133 0.004466
0 0.791545 0.517217 0.005690 0.004574
0 0.931448 0.579071 0.012027 0.004520
0 0.600762 0.534953 0.005638 0.004685
0 0.876922 0.584692 0.008606 0.004631
0 0.880479 0.503800 0.005769 0.004574
0 0.270187 0.504909 0.005674 0.004597
0 0.433896 0.346398 0.012233 0.004434
0 0.269217 0.362774 0.006091 0.004517
0 0.167457 0.428510 0.012158 0.004491
0 0.193712 0.420752 0.005853 0.004565
0 0.161537 0.380804 0.012271 0.004463
0 0.415832 0.459439 0.005914 0.004503
0 0.409980 0.525385 0.005718 0.004574
0 0.349649 0.525336 0.005690 0.004511
0 0.276109 0.422518 0.006093 0.004517
0 0.344746 0.420131 0.005668 0.004560
0 0.217173 0.359702 0.011840 0.004625
0 0.360884 0.470365 0.006087 0.004400
0 0.180023 0.504926 0.005559 0.004614
0 0.159764 0.582042 0.011832 0.004500
0 0.198170 0.582606 0.008523 0.004563
0 0.290836 0.731141 0.019903 0.007646
0 0.310644 0.731223 0.015340 0.007700
0 0.323836 0.738735 0.004908 0.003961
0 0.795212 0.738755 0.004910 0.003961
0 0.781996 0.731158 0.015340 0.007703
0 0.762165 0.731295 0.019901 0.007646