0 0.563233 0.419912 0.014755 0.007554
0 0.354913 0.355315 0.009935 0.007340
0 0.444140 0.349421 0.022443 0.007366
0 0.329127 0.453692 0.011893 0.007212
0 0.303239 0.589936 0.014803 0.007266
0 0.374310 0.558979 0.009938 0.006956
0 0.484761 0.559436 0.011732 0.007811
0 0.482272 0.723646 0.014937 0.007896
0 0.298492 0.350564 0.020782 0.007548
0 0.598974 0.419849 0.010131 0.007389
0 0.328981 0.350636 0.020579 0.007457
0 0.518797 0.419783 0.009978 0.007355
0 0.538311 0.909964 0.030179 0.014838
0 0.528271 0.332554 0.019774 0.007298
0 0.461707 0.909989 0.040544 0.014954
0 0.503255 0.910019 0.030679 0.015014
0 0.586081 0.558951 0.009534 0.006956
0 0.521741 0.928525 0.012532 0.008863