0 0.722250 0.345466 0.013619 0.005215
0 0.759049 0.354602 0.006814 0.005181
0 0.767147 0.430785 0.006778 0.005098
0 0.400458 0.451127 0.014933 0.006033
0 0.217480 0.426106 0.014800 0.005908
0 0.198884 0.461855 0.014576 0.006036
0 0.074293 0.433454 0.014667 0.005734
0 0.068469 0.475560 0.014910 0.006429
0 0.073134 0.536636 0.007425 0.005885
0 0.079346 0.580584 0.011036 0.005500
0 0.314936 0.461945 0.014578 0.006033
0 0.293493 0.537958 0.007425 0.005885
0 0.338883 0.538283 0.007425 0.005885
0 0.386343 0.485955 0.007423 0.005885
0 0.145795 0.458245 0.007362 0.005523
0 0.158568 0.580296 0.011036 0.005500
0 0.248418 0.458165 0.008854 0.005734
0 0.316282 0.580465 0.011034 0.005500
0 0.387900 0.521161 0.011034 0.005503
0 0.349230 0.452266 0.011034 0.005500
0 0.151277 0.406915 0.011034 0.005503
0 0.070274 0.406291 0.011034 0.005503
0 0.144310 0.534875 0.007520 0.005805
0 0.378058 0.451354 0.014294 0.005882
0 0.767716 0.552082 0.006651 0.005133
0 0.715303 0.476748 0.008491 0.005061
0 0.702276 0.611691 0.007030 0.005241
0 0.762221 0.625654 0.006764 0.005335
0 0.647871 0.463611 0.011314 0.005295
0 0.705269 0.369547 0.010199 0.005244
0 0.728787 0.290138 0.010204 0.005355
0 0.718585 0.526874 0.014634 0.005272
0 0.741856 0.764161 0.019923 0.009524
0 0.716640 0.764161 0.025833 0.009524
0 0.275707 0.742950 0.019925 0.009524
0 0.250775 0.742950 0.025833 0.009524
0 0.763819 0.295483 0.010197 0.005278
0 0.794408 0.349496 0.010197 0.005204
0 0.794385 0.430544 0.010201 0.005255
0 0.771635 0.495970 0.010222 0.005301
0 0.793891 0.553735 0.010244 0.005258
0 0.741048 0.672880 0.010191 0.005315
0 0.791761 0.295835 0.014225 0.005212