0 0.637570 0.501104 0.009809 0.008296
0 0.360403 0.665794 0.009651 0.008236
0 0.493323 0.390510 0.014685 0.008202
0 0.446411 0.665797 0.009651 0.008236
0 0.547816 0.642419 0.009672 0.008213
0 0.684212 0.707757 0.020115 0.008276
0 0.354231 0.533728 0.009792 0.008299
0 0.626516 0.717147 0.014669 0.008264
0 0.656846 0.607974 0.010024 0.008276
0 0.322467 0.255271 0.017125 0.008564
0 0.553347 0.435701 0.022708 0.008564
0 0.402276 0.489969 0.010318 0.008321
0 0.800200 0.927639 0.030064 0.013916
0 0.831017 0.928008 0.023036 0.014659
0 0.837513 0.943598 0.008553 0.008273
0 0.378417 0.254196 0.012579 0.008564