0 0.642047 0.576329 0.009780 0.006412
0 0.643605 0.499795 0.020218 0.006623
0 0.672604 0.499759 0.020175 0.006432
0 0.829443 0.513814 0.023190 0.006780
0 0.705202 0.603319 0.009188 0.006785
0 0.851696 0.618626 0.015013 0.006828
0 0.733141 0.499548 0.009905 0.006512
0 0.773214 0.384211 0.009357 0.006837
0 0.842030 0.358169 0.009246 0.006831
0 0.618184 0.649815 0.019934 0.006794
0 0.652879 0.649810 0.014068 0.006803
0 0.842040 0.277502 0.009226 0.006882
0 0.775745 0.509773 0.019706 0.006620
0 0.782597 0.618646 0.009398 0.006828
0 0.440126 0.577294 0.019676 0.005828
0 0.329130 0.501019 0.008978 0.006176
0 0.255394 0.538085 0.008995 0.006116
0 0.213101 0.536606 0.014560 0.005996
0 0.278418 0.436619 0.009119 0.006597
0 0.159054 0.503055 0.008968 0.006013
0 0.238022 0.436740 0.009275 0.005876
0 0.416236 0.502367 0.009164 0.006438
0 0.399058 0.577743 0.014247 0.006087
0 0.326777 0.374661 0.023190 0.006780
0 0.385610 0.361580 0.019706 0.006620
0 0.433717 0.395610 0.020175 0.006432
0 0.397468 0.431696 0.020018 0.006771
0 0.293073 0.707458 0.029269 0.010219
0 0.324896 0.707556 0.022688 0.010023
0 0.318338 0.719208 0.006996 0.005466