0 0.205625 0.808857 0.011850 0.004172
0 0.217374 0.737204 0.006663 0.004166
0 0.261985 0.814498 0.008507 0.004209
0 0.182850 0.707803 0.008614 0.004206
0 0.314568 0.672244 0.007133 0.004067
0 0.359277 0.696760 0.005674 0.004263
0 0.262761 0.657525 0.005660 0.004243
0 0.277527 0.629936 0.011858 0.004146
0 0.221031 0.644922 0.006768 0.004058
0 0.184237 0.627100 0.011900 0.004209
0 0.355108 0.743361 0.005569 0.004215
0 0.561792 0.715410 0.005628 0.004141
0 0.718680 0.690162 0.005630 0.004138
0 0.672978 0.622692 0.008447 0.004175
0 0.667660 0.808517 0.008444 0.004175
0 0.744483 0.625832 0.008447 0.004175
0 0.716026 0.625828 0.011745 0.004132
0 0.742147 0.667732 0.012007 0.004155
0 0.669764 0.681218 0.013250 0.004152
0 0.588412 0.687818 0.007040 0.003964
0 0.563139 0.763320 0.005545 0.004121
0 0.199887 0.272525 0.006923 0.004075
0 0.248638 0.162623 0.008414 0.004192
0 0.362503 0.209279 0.007113 0.004075
0 0.263279 0.276130 0.006675 0.004229
0 0.366370 0.283968 0.005591 0.004238
0 0.319236 0.283950 0.005585 0.004235
0 0.253988 0.208165 0.013222 0.004320
0 0.183678 0.322575 0.011773 0.004243
0 0.206805 0.215370 0.005624 0.004346
0 0.212276 0.156775 0.011793 0.004238
0 0.747413 0.301409 0.011872 0.004175
0 0.730933 0.244357 0.006839 0.004007
0 0.718680 0.190305 0.005630 0.004138
0 0.290117 0.429339 0.021572 0.007985
0 0.312435 0.429236 0.016407 0.008054
0 0.313255 0.437767 0.004536 0.003548
0 0.794693 0.160728 0.020169 0.006005
0 0.835830 0.267743 0.020026 0.006144
0 0.663003 0.429342 0.021674 0.008019
0 0.685382 0.429313 0.016486 0.007962
0 0.686288 0.437675 0.004544 0.003642
0 0.289711 0.929068 0.021521 0.007985
0 0.312150 0.929104 0.016405 0.007783
0 0.313284 0.937533 0.004393 0.003753
0 0.794661 0.660607 0.020179 0.006252
0 0.835645 0.767693 0.020095 0.006016
0 0.663126 0.929102 0.021570 0.007917
0 0.685420 0.929137 0.016550 0.007848
0 0.686215 0.937600 0.004729 0.003756
0 0.667749 0.755506 0.006641 0.004121
0 0.609853 0.763337 0.005545 0.004189
0 0.730933 0.744215 0.006839 0.004007
0 0.747413 0.801267 0.011872 0.004175
0 0.308021 0.743333 0.005569 0.004215
0 0.262543 0.746785 0.013367 0.004332
0 0.609853 0.263480 0.005545 0.004189
0 0.563139 0.263463 0.005545 0.004121
0 0.588412 0.187961 0.007040 0.003964
0 0.669764 0.181361 0.013250 0.004152
0 0.742147 0.167874 0.012007 0.004155
0 0.716026 0.125970 0.011745 0.004132
0 0.744483 0.125975 0.008447 0.004175
0 0.667660 0.308659 0.008444 0.004175
0 0.672978 0.122834 0.008447 0.004175
0 0.667749 0.255648 0.006641 0.004121
0 0.561792 0.215553 0.005628 0.004141
0 0.185945 0.194715 0.012116 0.004238
0 0.324234 0.213051 0.005716 0.004243
0 0.261594 0.329560 0.008414 0.004192