0 0.173013 0.643827 0.011471 0.005534
0 0.333750 0.642060 0.011473 0.005534
0 0.408377 0.599270 0.011471 0.005534
0 0.415830 0.529070 0.011471 0.005531
0 0.352676 0.515734 0.011292 0.005534
0 0.175103 0.469839 0.011471 0.005531
0 0.090249 0.468624 0.011471 0.005534
0 0.277370 0.524202 0.008533 0.005469
0 0.218930 0.526988 0.014209 0.005312
0 0.160542 0.520724 0.007459 0.005785
0 0.163679 0.597938 0.007512 0.005782
0 0.093575 0.597284 0.007155 0.005911
0 0.100145 0.642853 0.011469 0.005534
0 0.234875 0.487784 0.014300 0.005241
0 0.371619 0.516433 0.014074 0.005919
0 0.392114 0.528055 0.014137 0.005497
0 0.319664 0.524863 0.014209 0.005309
0 0.312713 0.600707 0.007155 0.005911
0 0.725883 0.525361 0.006663 0.005329
0 0.654103 0.467448 0.008537 0.005098
0 0.738905 0.567516 0.010181 0.005275
0 0.661643 0.566101 0.010238 0.005278
0 0.090809 0.497495 0.014618 0.005363
0 0.767776 0.459530 0.014314 0.005227
0 0.406243 0.563126 0.007155 0.005911
0 0.625556 0.488058 0.014159 0.005229
0 0.085873 0.539097 0.014608 0.005529
0 0.792956 0.563567 0.014112 0.005281
0 0.592960 0.429486 0.011203 0.005315
0 0.630386 0.536673 0.006651 0.005150
0 0.673206 0.536633 0.006798 0.005150
0 0.773555 0.515409 0.006651 0.005152
0 0.791945 0.441252 0.014618 0.005298
0 0.740915 0.410869 0.010179 0.005278
0 0.682609 0.437304 0.014012 0.005289
0 0.729539 0.444098 0.007161 0.005369
0 0.358221 0.600969 0.007157 0.005911
0 0.716285 0.743263 0.025380 0.008772
0 0.741361 0.743059 0.018950 0.008951
0 0.250876 0.764275 0.025380 0.008772
0 0.275915 0.764265 0.018950 0.008951
0 0.058336 0.529131 0.010590 0.005529