0 0.154017 0.459307 0.008142 0.004206
0 0.143887 0.538119 0.006802 0.004417
0 0.184814 0.538183 0.011078 0.004203
0 0.150037 0.412278 0.008525 0.004192
0 0.213463 0.453528 0.006889 0.004417
0 0.285787 0.531961 0.007967 0.004275
0 0.688372 0.402619 0.008495 0.004212
0 0.781063 0.455019 0.012051 0.004166
0 0.588075 0.454830 0.006728 0.004149
0 0.625481 0.464327 0.008144 0.004255
0 0.659594 0.463963 0.008666 0.004198
0 0.765580 0.513596 0.006917 0.004417
0 0.598974 0.528983 0.006778 0.004400
0 0.643356 0.529001 0.006784 0.004357
0 0.679781 0.575942 0.008521 0.004178
0 0.779433 0.573407 0.018422 0.004181
0 0.698925 0.513673 0.007941 0.004292
0 0.704948 0.452615 0.013308 0.004374
0 0.746111 0.460571 0.006891 0.004186
0 0.270429 0.398874 0.008559 0.004280
0 0.359595 0.395653 0.007620 0.004283
0 0.374499 0.434651 0.012081 0.004286
0 0.373920 0.580564 0.011975 0.004292
0 0.221448 0.538988 0.006929 0.004417
0 0.354149 0.520762 0.006802 0.004420
0 0.271825 0.445282 0.013373 0.004431
0 0.340683 0.453406 0.006899 0.004235
0 0.305932 0.463065 0.008801 0.004203
0 0.178491 0.430524 0.006778 0.004184
0 0.261837 0.585234 0.008525 0.004192
0 0.779354 0.567063 0.011963 0.004460
0 0.374039 0.586753 0.018285 0.004397
0 0.872008 0.516634 0.006917 0.004417
0 0.885685 0.567172 0.011963 0.004460
0 0.885762 0.573256 0.018422 0.004181
0 0.886991 0.460556 0.012051 0.004166
0 0.717631 0.743252 0.023572 0.008510
0 0.741746 0.743125 0.018140 0.008250
0 0.751634 0.753447 0.003925 0.003280
0 0.247709 0.743142 0.023574 0.008507
0 0.272236 0.743031 0.018140 0.008250
0 0.281980 0.753396 0.003923 0.003280