0 0.775607 0.463065 0.008801 0.004203
0 0.241281 0.449490 0.006943 0.004275
0 0.213765 0.455920 0.006764 0.004221
0 0.124355 0.375258 0.017854 0.004184
0 0.186731 0.618492 0.008561 0.004223
0 0.155913 0.546573 0.007929 0.004203
0 0.163923 0.391981 0.006754 0.004400
0 0.209326 0.384380 0.012075 0.004258
0 0.123729 0.427143 0.008561 0.004221
0 0.287058 0.483106 0.008181 0.004184
0 0.145987 0.474469 0.006752 0.004400
0 0.318597 0.565258 0.006792 0.004400
0 0.218829 0.565808 0.013379 0.004400
0 0.124406 0.368944 0.011987 0.004186
0 0.347803 0.461396 0.006752 0.004400
0 0.613758 0.549184 0.006802 0.004420
0 0.622659 0.462532 0.008142 0.004186
0 0.654742 0.549255 0.011028 0.004203
0 0.648166 0.430524 0.006778 0.004184
0 0.738265 0.437777 0.013504 0.004383
0 0.755589 0.535144 0.007915 0.004275
0 0.780955 0.412129 0.008523 0.004201
0 0.834934 0.419078 0.012051 0.004221
0 0.843608 0.580742 0.011975 0.004221
0 0.844385 0.587405 0.018285 0.004203
0 0.808253 0.583455 0.008523 0.004203
0 0.691351 0.550094 0.006929 0.004417
0 0.824089 0.523785 0.006804 0.004417
0 0.681127 0.445432 0.006889 0.004417
0 0.810359 0.453406 0.006899 0.004235
0 0.717494 0.743413 0.023645 0.008985
0 0.741622 0.743356 0.017985 0.008757
0 0.751607 0.753182 0.004020 0.003069
0 0.247909 0.743495 0.023647 0.008985
0 0.272055 0.743162 0.017985 0.008757
0 0.282038 0.753414 0.004020 0.003072