0 0.847761 0.482690 0.009672 0.003785
0 0.847711 0.522166 0.009510 0.004127
0 0.754709 0.460144 0.010925 0.004050
0 0.696091 0.478738 0.007258 0.004389
0 0.687186 0.515799 0.007409 0.004292
0 0.815254 0.657922 0.007614 0.004326
0 0.812748 0.513044 0.004828 0.004149
0 0.676974 0.620386 0.004703 0.004055
0 0.611727 0.548598 0.004896 0.004714
0 0.849775 0.657838 0.009718 0.004631
0 0.621925 0.620449 0.004455 0.004249
0 0.213192 0.497978 0.009631 0.004084
0 0.241376 0.519516 0.004654 0.004423
0 0.313414 0.444148 0.004560 0.003981
0 0.241984 0.393276 0.004777 0.003930
0 0.245905 0.444236 0.004822 0.004335
0 0.208087 0.665435 0.009774 0.003893
0 0.249047 0.665398 0.007278 0.004109
0 0.608925 0.400973 0.009440 0.004107
0 0.647316 0.516197 0.005295 0.004266
0 0.168146 0.411396 0.009200 0.004526
0 0.313379 0.375378 0.004755 0.004275
0 0.294837 0.509236 0.007203 0.004583
0 0.222080 0.595336 0.004624 0.004705
0 0.368247 0.585309 0.009788 0.004446
0 0.323750 0.498783 0.010095 0.004184
0 0.213017 0.531309 0.010000 0.004608
0 0.296710 0.623282 0.004928 0.004255
0 0.250165 0.347201 0.007246 0.004275
0 0.309752 0.546875 0.011199 0.004072
0 0.748712 0.613031 0.005299 0.004067
0 0.829600 0.586727 0.006450 0.004346
0 0.798758 0.441684 0.010044 0.004212
0 0.953912 0.762918 0.012128 0.005905
0 0.937939 0.762875 0.016164 0.005905