0 0.857742 0.581904 0.007183 0.005551
0 0.788143 0.581945 0.007163 0.005657
0 0.868003 0.502337 0.007282 0.005546
0 0.616383 0.548765 0.007286 0.005463
0 0.776224 0.463229 0.011324 0.005540
0 0.876652 0.382870 0.014558 0.005494
0 0.567285 0.546901 0.015279 0.005457
0 0.627898 0.466938 0.007326 0.005446
0 0.832713 0.465110 0.008980 0.005472
0 0.628753 0.632667 0.010756 0.005489
0 0.655611 0.390869 0.010810 0.005517
0 0.594313 0.642851 0.015194 0.005520
0 0.710112 0.386539 0.017101 0.005520
0 0.707283 0.591311 0.008735 0.005529
0 0.564533 0.633297 0.015094 0.005455
0 0.388049 0.571948 0.007296 0.005457
0 0.096444 0.546679 0.010824 0.005463
0 0.094857 0.633297 0.015094 0.005455
0 0.238956 0.372814 0.010719 0.005492
0 0.318437 0.571962 0.007147 0.005463
0 0.158223 0.466938 0.007326 0.005446
0 0.146628 0.548502 0.007288 0.005463
0 0.240354 0.434667 0.017101 0.005520
0 0.125421 0.641740 0.015194 0.005520
0 0.363037 0.465110 0.008980 0.005472
0 0.306529 0.470604 0.011362 0.005517
0 0.398340 0.502190 0.007282 0.005509
0 0.406984 0.382978 0.014580 0.005432
0 0.307317 0.417867 0.010802 0.005526
0 0.274963 0.632511 0.010756 0.005489
0 0.237648 0.568451 0.008731 0.005474
0 0.746451 0.775353 0.004890 0.004973
0 0.742112 0.763980 0.014830 0.009265
0 0.722237 0.763843 0.019621 0.009402
0 0.832173 0.295755 0.009609 0.004842
0 0.362483 0.295721 0.009609 0.004842
0 0.252486 0.763766 0.019621 0.009402
0 0.272459 0.763698 0.014828 0.009265
0 0.276758 0.775111 0.004888 0.004973