0 0.590564 0.922271 0.009954 0.010134
0 0.336185 0.226867 0.011806 0.006699
0 0.496476 0.603814 0.013955 0.009510
0 0.433905 0.681863 0.018079 0.009039
0 0.498807 0.759840 0.018553 0.009225
0 0.484306 0.900182 0.061451 0.022395
0 0.547719 0.900083 0.046597 0.022794
0 0.415052 0.605489 0.011923 0.009153
0 0.596495 0.556477 0.011780 0.009059
0 0.581228 0.606122 0.011921 0.009153
0 0.512666 0.681997 0.018079 0.009039
0 0.585258 0.683662 0.018079 0.009039
0 0.386907 0.299947 0.023316 0.009119
0 0.543328 0.403513 0.018085 0.009347
0 0.611450 0.403416 0.025061 0.009359
0 0.588385 0.481760 0.011921 0.009153
0 0.513221 0.469105 0.028260 0.009498
0 0.441396 0.503412 0.014632 0.009031
0 0.406933 0.540024 0.011782 0.009062