0 0.276421 0.222215 0.026178 0.009230
0 0.275344 0.296290 0.019343 0.009792
0 0.348924 0.265998 0.013453 0.010182
0 0.429181 0.337362 0.012693 0.009558
0 0.338044 0.393804 0.019518 0.009980
0 0.546877 0.562963 0.013007 0.009535
0 0.632870 0.562829 0.013058 0.009695
0 0.355195 0.545207 0.015590 0.009176
0 0.440324 0.666863 0.018793 0.009324
0 0.549366 0.644437 0.018793 0.009324
0 0.281182 0.545063 0.018990 0.009977
0 0.436520 0.215801 0.026642 0.009698
0 0.357173 0.839256 0.049226 0.019532
0 0.407636 0.839223 0.038266 0.019068
0 0.484368 0.410091 0.013005 0.009521
0 0.646999 0.460011 0.012755 0.009418
0 0.444189 0.544682 0.029188 0.009672