0 0.552126 0.323204 0.028315 0.008951
0 0.393839 0.353000 0.011911 0.008868
0 0.459420 0.353341 0.011911 0.008865
0 0.514541 0.533367 0.011911 0.008865
0 0.459958 0.567035 0.025228 0.009042
0 0.395998 0.567135 0.025228 0.009042
0 0.412987 0.530781 0.012237 0.009133
0 0.457291 0.528979 0.012237 0.009133
0 0.372989 0.439860 0.014845 0.009133
0 0.619143 0.399661 0.014220 0.009071
0 0.512538 0.828548 0.040292 0.014530
0 0.553978 0.828459 0.030673 0.014575
0 0.660331 0.287269 0.024901 0.008814
0 0.617848 0.307201 0.018186 0.008928
0 0.427227 0.305630 0.018186 0.008928
0 0.587040 0.497055 0.018186 0.008934