0 0.368247 0.585309 0.009788 0.004446
0 0.694158 0.622496 0.004959 0.004349
0 0.578554 0.485077 0.004846 0.004010
0 0.833258 0.539679 0.005013 0.004677
0 0.576758 0.585878 0.009748 0.004329
0 0.743245 0.438113 0.012579 0.004024
0 0.633162 0.460469 0.009629 0.004506
0 0.583906 0.519293 0.009887 0.004400
0 0.694524 0.518601 0.011060 0.004691
0 0.749718 0.519260 0.009712 0.004642
0 0.213017 0.531309 0.010000 0.004608
0 0.313414 0.444148 0.004560 0.003981
0 0.747683 0.485026 0.007092 0.004181
0 0.296710 0.623282 0.004928 0.004255
0 0.241984 0.393276 0.004777 0.003930
0 0.620714 0.511795 0.004552 0.004075
0 0.250165 0.347201 0.007246 0.004275
0 0.245905 0.444236 0.004822 0.004335
0 0.208087 0.665435 0.009774 0.003893
0 0.249047 0.665398 0.007278 0.004109
0 0.168146 0.411396 0.009200 0.004526
0 0.313379 0.375378 0.004755 0.004275
0 0.213192 0.497978 0.009631 0.004084
0 0.323750 0.498783 0.010095 0.004184
0 0.598227 0.656616 0.009353 0.004015
0 0.633589 0.655734 0.007072 0.004035
0 0.241376 0.519516 0.004654 0.004423
0 0.866809 0.420989 0.009162 0.004047
0 0.799828 0.516627 0.004802 0.004449
0 0.309752 0.546875 0.011199 0.004072
0 0.614859 0.583256 0.004346 0.003953
0 0.294837 0.509236 0.007203 0.004583
0 0.222080 0.595336 0.004624 0.004705
0 0.767181 0.619544 0.004534 0.004241
0 0.824677 0.619631 0.004590 0.004306
0 0.937847 0.763055 0.015722 0.005745
0 0.953944 0.763083 0.011942 0.005688