0 0.531135 0.882349 0.031107 0.013820
0 0.513203 0.435704 0.009272 0.006813
0 0.448186 0.435619 0.009534 0.006927
0 0.436714 0.487777 0.011780 0.007001
0 0.448932 0.566035 0.009333 0.007326
0 0.515813 0.565878 0.011792 0.006956
0 0.594608 0.565636 0.011631 0.007041
0 0.586273 0.644835 0.014150 0.007184
0 0.623157 0.643925 0.020270 0.007320
0 0.603437 0.435661 0.009655 0.006899
0 0.560441 0.435291 0.022798 0.006899
0 0.489397 0.882198 0.040032 0.014054
0 0.533927 0.900583 0.011695 0.007785
0 0.346705 0.478265 0.014249 0.006280
0 0.363047 0.403444 0.011056 0.005029