0 0.743411 0.418304 0.008741 0.004144
0 0.626262 0.574696 0.018392 0.004508
0 0.657233 0.575078 0.008682 0.004531
0 0.781100 0.472267 0.008261 0.004380
0 0.410403 0.458612 0.006863 0.004543
0 0.179502 0.420755 0.012126 0.004463
0 0.205461 0.438475 0.006933 0.004451
0 0.195820 0.522965 0.006994 0.004665
0 0.702597 0.447462 0.013464 0.004756
0 0.384078 0.460054 0.008374 0.004577
0 0.178294 0.576701 0.011975 0.004471
0 0.178307 0.582955 0.018247 0.004554
0 0.213146 0.584052 0.008763 0.004469
0 0.331325 0.447652 0.006877 0.004736
0 0.266342 0.522999 0.008162 0.004563
0 0.746427 0.473173 0.008831 0.004369
0 0.227312 0.404531 0.008805 0.004560
0 0.272022 0.435866 0.013518 0.004591
0 0.318063 0.548827 0.011423 0.004523
0 0.358307 0.548775 0.007084 0.004645
0 0.401428 0.548745 0.007086 0.004699
0 0.814428 0.465137 0.006812 0.004426
0 0.620936 0.448830 0.012132 0.004471
0 0.652377 0.439736 0.011189 0.004352
0 0.643109 0.466901 0.006750 0.004477
0 0.637155 0.517757 0.006810 0.004679
0 0.761324 0.553924 0.007032 0.004571
0 0.805436 0.553890 0.006883 0.004617
0 0.709643 0.537542 0.008003 0.004466
0 0.626294 0.568300 0.012047 0.004483
0 0.247859 0.743148 0.023705 0.009276
0 0.271991 0.743046 0.018050 0.008595
0 0.281978 0.753341 0.003971 0.003320
0 0.717599 0.743293 0.023705 0.009276
0 0.741695 0.743021 0.018050 0.008595
0 0.751721 0.753350 0.003969 0.003320
0 0.064523 0.420730 0.012126 0.004463
0 0.080986 0.523025 0.006994 0.004665
0 0.063229 0.576592 0.011975 0.004474
0 0.063256 0.582981 0.018247 0.004554