0 0.399895 0.438721 0.028478 0.008806
0 0.488694 0.460443 0.014945 0.009039
0 0.423516 0.577919 0.014281 0.008922
0 0.568746 0.331226 0.023523 0.009590
0 0.287086 0.667859 0.024312 0.009441
0 0.396810 0.344096 0.018543 0.009287
0 0.330692 0.665630 0.018099 0.008689
0 0.420320 0.668094 0.018516 0.009159
0 0.533627 0.667930 0.018631 0.009019
0 0.519344 0.580345 0.012455 0.009196
0 0.324305 0.575502 0.012060 0.009173
0 0.313301 0.407367 0.012012 0.009342
0 0.299149 0.468210 0.012368 0.009287
0 0.337302 0.500942 0.025311 0.009131
0 0.518439 0.257553 0.011770 0.006075
0 0.530556 0.493241 0.012884 0.009179
0 0.426306 0.742983 0.019353 0.010020
0 0.526152 0.923702 0.010990 0.010214
0 0.484941 0.901832 0.047886 0.022871
0 0.421366 0.901499 0.062489 0.022868