0 0.808258 0.488740 0.005994 0.005113
0 0.835445 0.466929 0.012571 0.005133
0 0.835389 0.499105 0.012684 0.005095
0 0.840193 0.618946 0.012710 0.005078
0 0.810287 0.607861 0.009041 0.005070
0 0.792077 0.417351 0.009067 0.005098
0 0.646269 0.520048 0.005994 0.005095
0 0.835027 0.389111 0.012468 0.005095
0 0.628256 0.454491 0.011697 0.004936
0 0.283061 0.433599 0.014056 0.005073
0 0.375982 0.371395 0.012404 0.005115
0 0.169716 0.508400 0.005851 0.004973
0 0.199167 0.482922 0.007344 0.004882
0 0.229716 0.483899 0.008982 0.005038
0 0.329371 0.418455 0.009047 0.005135
0 0.347933 0.478269 0.005956 0.005275
0 0.385677 0.486743 0.012777 0.005084
0 0.352476 0.599631 0.009027 0.005070
0 0.821415 0.549461 0.006006 0.004936
0 0.158944 0.436455 0.011670 0.004913
0 0.295645 0.552566 0.007139 0.005047
0 0.365506 0.540336 0.006015 0.004850
0 0.230324 0.567157 0.006021 0.004848
0 0.183172 0.567164 0.006015 0.004907
0 0.385755 0.441512 0.012593 0.005024
0 0.700651 0.579132 0.006033 0.004899
0 0.237543 0.435313 0.006006 0.004887
0 0.658029 0.579151 0.005992 0.004936
0 0.710762 0.495180 0.009055 0.005115
0 0.756722 0.557572 0.007145 0.005095
0 0.762487 0.449393 0.014098 0.005044
0 0.717097 0.453400 0.005992 0.004902
0 0.682126 0.496681 0.007399 0.004939
0 0.390613 0.603370 0.012738 0.005087
0 0.704381 0.732776 0.019325 0.008715
0 0.723566 0.732770 0.014403 0.008715
0 0.726124 0.743648 0.004733 0.004526
0 0.250080 0.716663 0.019325 0.008715
0 0.269103 0.716532 0.014604 0.008715
0 0.271665 0.727533 0.004846 0.004950
0 0.661586 0.386765 0.006347 0.004936
0 0.195310 0.369253 0.006639 0.004936